0.329887, 0.205160,0.000000,0.000985,0.041631,0.000000
1.058283, 34.538555,0.000000,0.000000,0.000000,0.000000
1.672521, 34.565792,0.000000,0.000000,0.000000,0.000000
3.159821, 36.789795,0.000000,0.000000,0.000000,0.000000
2.669206, 34.566505,0.000000,0.000000,0.000000,0.000000
4.624375, 39.299557,0.000000,0.000000,0.000000,0.000000
4.788564, 36.157566,0.000000,0.000000,0.000000,0.000000
6.909091, 35.461174,0.000000,0.000000,0.000000,0.000000
7.054596, 37.115017,0.000000,0.000000,0.000000,0.000000
8.635824, 35.720043,0.000000,0.000000,0.000000,0.000000
9.183917, 34.727036,0.000000,0.000000,0.000000,0.000000
10.140648, 36.431534,0.000000,0.000000,0.000000,0.000000
11.154487, 37.507626,0.000000,0.000000,0.000000,0.000000
12.116627, 34.849674,0.000000,0.000000,0.000000,0.000000
14.356591, 32.721821,0.000000,0.000000,0.000000,0.000000
14.431725, 32.937202,0.000000,0.000000,0.000000,0.000000
15.520738, 34.406761,0.000000,0.000000,0.000000,0.000000
16.618074, 35.918610,0.000000,0.000000,0.000000,0.000000
17.049276, 30.808907,0.000000,0.000000,0.000000,0.000000
18.573532, 31.832806,0.000000,0.000000,0.000000,0.000000
20.141766, 30.734333,0.000000,0.000000,0.000000,0.000000
19.731918, 32.382576,0.000000,0.000000,0.000000,0.000000
22.619469, 33.720112,0.000000,0.000000,0.000000,0.000000
22.449890, 29.290834,0.000000,0.000000,0.000000,0.000000
22.706211, 31.153913,0.000000,0.000000,0.000000,0.000000
24.802719, 29.895298,0.000000,0.000000,0.000000,0.000000
26.151388, 27.895376,0.000000,0.000000,0.000000,0.000000
26.621031, 27.952618,0.000000,0.000000,0.000000,0.000000
27.558218, 29.899538,0.000000,0.000000,0.000000,0.000000
27.996881, 27.684349,0.000000,0.000000,0.000000,0.000000
29.140379, 28.651384,0.000000,0.000000,0.000000,0.000000
31.172163, 31.462873,0.000000,0.000000,0.000000,0.000000
31.224520, 27.709179,0.000000,0.000000,0.000000,0.000000
32.085442, 31.726488,0.000000,0.000000,0.000000,0.000000
33.494949, 27.503542,0.000000,0.000000,0.000000,0.000000
34.827347, 27.255100,0.000000,0.000000,0.000000,0.000000
34.890659, 22.555914,0.000000,0.000000,0.000000,0.000000
36.181667, 26.368282,0.000000,0.000000,0.000000,0.000000
37.351120, 24.273226,0.000000,0.000000,0.000000,0.000000
38.666393, 25.689634,0.000000,0.000000,0.000000,0.000000
39.319672, 28.467173,0.000000,0.000000,0.000000,0.000000
40.888245, 23.320021,0.000000,0.000000,0.000000,0.000000
41.779724, 24.869894,0.000000,0.000000,0.000000,0.000000
42.286339, 25.499565,0.000000,0.000000,0.000000,0.000000
42.660843, 26.668238,0.000000,0.000000,0.000000,0.000000
43.476879, 25.402195,0.000000,0.000000,0.000000,0.000000
45.355034, 25.559263,0.000000,0.000000,0.000000,0.000000
46.560516, 27.349867,0.000000,0.000000,0.000000,0.000000
47.342052, 25.442114,0.000000,0.000000,0.000000,0.000000
48.169975, 25.207762,0.000000,0.000000,0.000000,0.000000
49.503765, 25.190779,0.000000,0.000000,0.000000,0.000000
50.386913, 25.106466,0.000000,0.000000,0.000000,0.000000
51.178364, 24.280991,0.000000,0.000000,0.000000,0.000000
51.730145, 26.206951,0.000000,0.000000,0.000000,0.000000
53.038624, 25.111761,0.000000,0.000000,0.000000,0.000000
54.450302, 23.241308,0.000000,0.000000,0.000000,0.000000
55.674664, 23.691095,0.000000,0.000000,0.000000,0.000000
56.673569, 22.343760,0.000000,0.000000,0.000000,0.000000
57.570915, 23.056015,0.000000,0.000000,0.000000,0.000000
58.064449, 21.773727,0.000000,0.000000,0.000000,0.000000
59.195351, 23.446396,0.000000,0.000000,0.000000,0.000000
60.723785, 21.860172,0.000000,0.000000,0.000000,0.000000
61.403255, 21.128036,0.000000,0.000000,0.000000,0.000000
61.789471, 22.441029,0.000000,0.000000,0.000000,0.000000
64.095459, 21.963114,0.000000,0.000000,0.000000,0.000000
64.634567, 22.962744,0.000000,0.000000,0.000000,0.000000
65.194809, 24.719833,0.000000,0.000000,0.000000,0.000000
67.345795, 20.899805,0.000000,0.000000,0.000000,0.000000
67.574974, 22.724298,0.000000,0.000000,0.000000,0.000000
68.790306, 20.626722,0.000000,0.000000,0.000000,0.000000
69.556244, 24.073830,0.000000,0.000000,0.000000,0.000000
69.620651, 23.294325,0.000000,0.000000,0.000000,0.000000
71.500092, 20.465046,0.000000,0.000000,0.000000,0.000000
73.642242, 21.280180,0.000000,0.000000,0.000000,0.000000
73.489685, 22.881638,0.000000,0.000000,0.000000,0.000000
73.911346, 22.951216,0.000000,0.000000,0.000000,0.000000
76.674927, 22.122503,0.000000,0.000000,0.000000,0.000000
77.151871, 24.104631,0.000000,0.000000,0.000000,0.000000
77.160187, 24.148190,0.000000,0.000000,0.000000,0.000000
78.728218, 19.117538,0.000000,0.000000,0.000000,0.000000
78.319122, 22.754950,0.000000,0.000000,0.000000,0.000000
81.027504, 20.651218,0.000000,0.000000,0.000000,0.000000
81.149368, 21.897623,0.000000,0.000000,0.000000,0.000000
81.932404, 18.294724,0.000000,0.000000,0.000000,0.000000
83.391937, 21.299437,0.000000,0.000000,0.000000,0.000000
84.919144, 19.955191,0.000000,0.000000,0.000000,0.000000
85.764519, 21.482092,0.000000,0.000000,0.000000,0.000000
86.967148, 23.081177,0.000000,0.000000,0.000000,0.000000
86.903816, 16.939276,0.000000,0.000000,0.000000,0.000000
89.040741, 22.248766,0.000000,0.000000,0.000000,0.000000
89.868790, 22.442715,0.000000,0.000000,0.000000,0.000000
90.168648, 20.858263,0.000000,0.000000,0.000000,0.000000
92.563454, 18.883402,0.000000,0.000000,0.000000,0.000000
92.114075, 18.485888,0.000000,0.000000,0.000000,0.000000
93.442741, 18.805716,0.000000,0.000000,0.000000,0.000000
94.084068, 21.602085,0.000000,0.000000,0.000000,0.000000
95.542870, 20.149313,0.000000,0.000000,0.000000,0.000000
96.457085, 17.971806,0.000000,0.000000,0.000000,0.000000
97.619827, 19.170233,0.000000,0.000000,0.000000,0.000000
98.485962, 17.734755,0.000000,0.000000,0.000000,0.000000
100.231140, 22.164322,0.000000,0.000000,0.000000,0.000000
101.080826, 18.942575,0.000000,0.000000,0.000000,0.000000
101.867226, 18.040514,0.000000,0.000000,0.000000,0.000000
102.994110, 17.378134,0.000000,0.000000,0.000000,0.000000
103.616959, 19.653229,0.000000,0.000000,0.000000,0.000000
105.086662, 22.703949,0.000000,0.000000,0.000000,0.000000
105.161636, 20.262106,0.000000,0.000000,0.000000,0.000000
107.556412, 16.523708,0.000000,0.000000,0.000000,0.000000
108.433800, 20.874895,0.000000,0.000000,0.000000,0.000000
109.039337, 20.622921,0.000000,0.000000,0.000000,0.000000
109.561172, 21.812721,0.000000,0.000000,0.000000,0.000000
110.819839, 20.251827,0.000000,0.000000,0.000000,0.000000
111.227524, 19.290491,0.000000,0.000000,0.000000,0.000000
112.293549, 19.155106,0.000000,0.000000,0.000000,0.000000
113.319733, 19.548761,0.000000,0.000000,0.000000,0.000000
113.689049, 20.094807,0.000000,0.000000,0.000000,0.000000
115.250618, 18.673035,0.000000,0.000000,0.000000,0.000000
116.155685, 17.899834,0.000000,0.000000,0.000000,0.000000
117.214622, 19.904104,0.000000,0.000000,0.000000,0.000000
117.991196, 18.462601,0.000000,0.000000,0.000000,0.000000
118.830101, 17.105356,0.000000,0.000000,0.000000,0.000000
119.789719, 17.640089,0.000000,0.000000,0.000000,0.000000
121.699455, 16.891457,0.000000,0.000000,0.000000,0.000000
122.358353, 18.012661,0.000000,0.000000,0.000000,0.000000
123.482841, 15.307844,0.000000,0.000000,0.000000,0.000000
123.592445, 15.183021,0.000000,0.000000,0.000000,0.000000
126.180023, 19.286983,0.000000,0.000000,0.000000,0.000000
126.363548, 16.123070,0.000000,0.000000,0.000000,0.000000
127.682579, 19.199675,0.000000,0.000000,0.000000,0.000000
128.963440, 16.079889,0.000000,0.000000,0.000000,0.000000
129.455643, 20.323652,0.000000,0.000000,0.000000,0.000000
130.707367, 17.007772,0.000000,0.000000,0.000000,0.000000
131.739975, 17.512707,0.000000,0.000000,0.000000,0.000000
132.742386, 17.872570,0.000000,0.000000,0.000000,0.000000
134.118820, 20.416552,0.000000,0.000000,0.000000,0.000000
134.450226, 15.382962,0.000000,0.000000,0.000000,0.000000
135.358597, 18.223335,0.000000,0.000000,0.000000,0.000000
136.861237, 15.217634,0.000000,0.000000,0.000000,0.000000
138.082962, 17.668030,0.000000,0.000000,0.000000,0.000000
138.170929, 15.526089,0.000000,0.000000,0.000000,0.000000
139.726471, 17.057236,0.000000,0.000000,0.000000,0.000000
141.103134, 17.846540,0.000000,0.000000,0.000000,0.000000
141.504227, 15.219881,0.000000,0.000000,0.000000,0.000000
142.694366, 15.987537,0.000000,0.000000,0.000000,0.000000
142.739960, 15.032718,0.000000,0.000000,0.000000,0.000000
144.226624, 17.020393,0.000000,0.000000,0.000000,0.000000
145.936478, 13.196094,0.000000,0.000000,0.000000,0.000000
147.195953, 16.957798,0.000000,0.000000,0.000000,0.000000
147.268860, 14.360445,0.000000,0.000000,0.000000,0.000000
149.314850, 17.996584,0.000000,0.000000,0.000000,0.000000
149.155975, 15.796503,0.000000,0.000000,0.000000,0.000000
150.733109, 15.420674,0.000000,0.000000,0.000000,0.000000
151.444962, 12.589928,0.000000,0.000000,0.000000,0.000000
151.738174, 16.652660,0.000000,0.000000,0.000000,0.000000
153.305069, 14.465935,0.000000,0.000000,0.000000,0.000000
154.346222, 17.437788,0.000000,0.000000,0.000000,0.000000
156.110886, 17.837795,0.000000,0.000000,0.000000,0.000000
155.938873, 13.556485,0.000000,0.000000,0.000000,0.000000
156.940109, 16.552452,0.000000,0.000000,0.000000,0.000000
157.980179, 17.628466,0.000000,0.000000,0.000000,0.000000
159.517319, 15.772789,0.000000,0.000000,0.000000,0.000000
160.745163, 17.444092,0.000000,0.000000,0.000000,0.000000
161.817596, 17.785574,0.000000,0.000000,0.000000,0.000000
161.783020, 13.808491,0.000000,0.000000,0.000000,0.000000
162.738846, 16.174025,0.000000,0.000000,0.000000,0.000000
165.292328, 14.821046,0.000000,0.000000,0.000000,0.000000
165.977509, 16.086914,0.000000,0.000000,0.000000,0.000000
166.464783, 15.964392,0.000000,0.000000,0.000000,0.000000
166.735794, 13.458515,0.000000,0.000000,0.000000,0.000000
169.119308, 15.350045,0.000000,0.000000,0.000000,0.000000
169.411880, 11.124441,0.000000,0.000000,0.000000,0.000000
170.451019, 13.670980,0.000000,0.000000,0.000000,0.000000
172.062531, 15.142120,0.000000,0.000000,0.000000,0.000000
172.789856, 14.006249,0.000000,0.000000,0.000000,0.000000
173.684830, 16.250334,0.000000,0.000000,0.000000,0.000000
174.082153, 15.267176,0.000000,0.000000,0.000000,0.000000
174.851227, 14.908796,0.000000,0.000000,0.000000,0.000000
178.120529, 14.372805,0.000000,0.000000,0.000000,0.000000
178.491226, 15.952670,0.000000,0.000000,0.000000,0.000000
178.913147, 12.743293,0.000000,0.000000,0.000000,0.000000
180.499054, 10.967416,0.000000,0.000000,0.000000,0.000000
180.704819, 16.665768,0.000000,0.000000,0.000000,0.000000
181.072784, 15.811897,0.000000,0.000000,0.000000,0.000000
183.364700, 14.965959,0.000000,0.000000,0.000000,0.000000
182.936966, 15.293883,0.000000,0.000000,0.000000,0.000000
184.013870, 13.674770,0.000000,0.000000,0.000000,0.000000
185.388733, 12.555813,0.000000,0.000000,0.000000,0.000000
187.321121, 17.307602,0.000000,0.000000,0.000000,0.000000
187.652893, 13.655634,0.000000,0.000000,0.000000,0.000000
189.107895, 13.570604,0.000000,0.000000,0.000000,0.000000
188.663681, 13.795516,0.000000,0.000000,0.000000,0.000000
190.835007, 11.239252,0.000000,0.000000,0.000000,0.000000
191.223251, 15.017028,0.000000,0.000000,0.000000,0.000000
192.693039, 14.091928,0.000000,0.000000,0.000000,0.000000
193.647614, 12.129434,0.000000,0.000000,0.000000,0.000000
194.297424, 14.770810,0.000000,0.000000,0.000000,0.000000
195.518143, 15.400023,0.000000,0.000000,0.000000,0.000000
196.330414, 13.521419,0.000000,0.000000,0.000000,0.000000
196.659622, 14.201517,0.000000,0.000000,0.000000,0.000000
198.419830, 14.402596,0.000000,0.000000,0.000000,0.000000
199.255188, 12.739408,0.000000,0.000000,0.000000,0.000000
199.879242, 13.069484,0.000000,0.000000,0.000000,0.000000
201.785706, 13.377452,0.000000,0.000000,0.000000,0.000000
202.355804, 15.099706,0.000000,0.000000,0.000000,0.000000
203.743149, 14.693829,0.000000,0.000000,0.000000,0.000000
203.743423, 13.553137,0.000000,0.000000,0.000000,0.000000
205.969757, 13.697474,0.000000,0.000000,0.000000,0.000000
206.573883, 14.875321,0.000000,0.000000,0.000000,0.000000
208.396042, 15.460226,0.000000,0.000000,0.000000,0.000000
208.356995, 13.905958,0.000000,0.000000,0.000000,0.000000
208.746445, 17.251932,0.000000,0.000000,0.000000,0.000000
211.225479, 13.092163,0.000000,0.000000,0.000000,0.000000
211.537048, 14.034028,0.000000,0.000000,0.000000,0.000000
212.640503, 11.831726,0.000000,0.000000,0.000000,0.000000
213.016998, 13.661394,0.000000,0.000000,0.000000,0.000000
215.078186, 11.461369,0.000000,0.000000,0.000000,0.000000
215.464905, 13.348301,0.000000,0.000000,0.000000,0.000000
216.307770, 10.729486,0.000000,0.000000,0.000000,0.000000
216.467270, 13.719174,0.000000,0.000000,0.000000,0.000000
218.515762, 13.497195,0.000000,0.000000,0.000000,0.000000
218.870819, 12.120720,0.000000,0.000000,0.000000,0.000000
220.521667, 14.206909,0.000000,0.000000,0.000000,0.000000
220.969864, 12.662222,0.000000,0.000000,0.000000,0.000000
223.252350, 13.717672,0.000000,0.000000,0.000000,0.000000
222.995193, 14.272261,0.000000,0.000000,0.000000,0.000000
223.433716, 11.758468,0.000000,0.000000,0.000000,0.000000
225.680405, 12.880195,0.000000,0.000000,0.000000,0.000000
225.916519, 12.246381,0.000000,0.000000,0.000000,0.000000
227.469482, 13.594522,0.000000,0.000000,0.000000,0.000000
228.592987, 11.046593,0.000000,0.000000,0.000000,0.000000
229.343643, 11.775444,0.000000,0.000000,0.000000,0.000000
231.108109, 11.770172,0.000000,0.000000,0.000000,0.000000
231.332809, 10.474279,0.000000,0.000000,0.000000,0.000000
232.763123, 8.522858,0.000000,0.000000,0.000000,0.000000
233.041702, 13.373867,0.000000,0.000000,0.000000,0.000000
233.663574, 10.623138,0.000000,0.000000,0.000000,0.000000
235.841141, 11.524946,0.000000,0.000000,0.000000,0.000000
236.166290, 12.850009,0.000000,0.000000,0.000000,0.000000
237.833618, 13.552840,0.000000,0.000000,0.000000,0.000000
238.939255, 13.663362,0.000000,0.000000,0.000000,0.000000
240.124664, 12.473281,0.000000,0.000000,0.000000,0.000000
240.850449, 11.753581,0.000000,0.000000,0.000000,0.000000
240.781784, 13.040242,0.000000,0.000000,0.000000,0.000000
242.735031, 12.728099,0.000000,0.000000,0.000000,0.000000
243.201706, 13.718809,0.000000,0.000000,0.000000,0.000000
244.205063, 13.822703,0.000000,0.000000,0.000000,0.000000
246.246323, 11.268189,0.000000,0.000000,0.000000,0.000000
246.997086, 13.732132,0.000000,0.000000,0.000000,0.000000
247.786682, 15.218436,0.000000,0.000000,0.000000,0.000000
247.455872, 12.816243,0.000000,0.000000,0.000000,0.000000
249.614899, 11.781196,0.000000,0.000000,0.000000,0.000000
250.526169, 11.737152,0.000000,0.000000,0.000000,0.000000
250.588638, 10.058607,0.000000,0.000000,0.000000,0.000000
252.064804, 10.009870,0.000000,0.000000,0.000000,0.000000
253.645386, 14.148007,0.000000,0.000000,0.000000,0.000000
254.237991, 12.869986,0.000000,0.000000,0.000000,0.000000
255.497726, 11.337737,0.000000,0.000000,0.000000,0.000000
256.472656, 10.265334,0.000000,0.000000,0.000000,0.000000
257.304199, 12.073713,0.000000,0.000000,0.000000,0.000000
258.006775, 13.487082,0.000000,0.000000,0.000000,0.000000
259.056122, 12.142275,0.000000,0.000000,0.000000,0.000000
260.528687, 11.638025,0.000000,0.000000,0.000000,0.000000
261.785278, 12.250987,0.000000,0.000000,0.000000,0.000000
262.830750, 12.167740,0.000000,0.000000,0.000000,0.000000
263.236603, 13.836482,0.000000,0.000000,0.000000,0.000000
264.104462, 13.728150,0.000000,0.000000,0.000000,0.000000
265.584595, 8.722953,0.000000,0.000000,0.000000,0.000000
266.591797, 13.397524,0.000000,0.000000,0.000000,0.000000
267.452789, 13.378577,0.000000,0.000000,0.000000,0.000000
268.058716, 12.262843,0.000000,0.000000,0.000000,0.000000
269.613037, 11.626655,0.000000,0.000000,0.000000,0.000000
271.025787, 12.484853,0.000000,0.000000,0.000000,0.000000
271.043915, 13.222610,0.000000,0.000000,0.000000,0.000000
271.972198, 12.923246,0.000000,0.000000,0.000000,0.000000
274.448486, 12.949237,0.000000,0.000000,0.000000,0.000000
274.745392, 10.892725,0.000000,0.000000,0.000000,0.000000
275.380615, 12.266228,0.000000,0.000000,0.000000,0.000000
275.273102, 11.341632,0.000000,0.000000,0.000000,0.000000
277.414825, 12.370648,0.000000,0.000000,0.000000,0.000000
278.638855, 12.722502,0.000000,0.000000,0.000000,0.000000
278.681885, 11.294112,0.000000,0.000000,0.000000,0.000000
279.989075, 10.481084,0.000000,0.000000,0.000000,0.000000
281.658417, 13.311572,0.000000,0.000000,0.000000,0.000000
283.390198, 13.710567,0.000000,0.000000,0.000000,0.000000
283.651184, 13.556346,0.000000,0.000000,0.000000,0.000000
285.015411, 7.022500,0.000000,0.000000,0.000000,0.000000
285.156860, 11.782277,0.000000,0.000000,0.000000,0.000000
286.403198, 13.100390,0.000000,0.000000,0.000000,0.000000
287.200745, 12.571528,0.000000,0.000000,0.000000,0.000000
288.366608, 11.017855,0.000000,0.000000,0.000000,0.000000
289.421600, 10.309558,0.000000,0.000000,0.000000,0.000000
291.016541, 12.690348,0.000000,0.000000,0.000000,0.000000
291.337891, 12.024917,0.000000,0.000000,0.000000,0.000000
291.617950, 10.714796,0.000000,0.000000,0.000000,0.000000
294.135132, 10.070541,0.000000,0.000000,0.000000,0.000000
294.798798, 13.648036,0.000000,0.000000,0.000000,0.000000
295.753723, 10.718556,0.000000,0.000000,0.000000,0.000000
296.625793, 11.507462,0.000000,0.000000,0.000000,0.000000
297.558838, 11.294559,0.000000,0.000000,0.000000,0.000000
298.874176, 11.542280,0.000000,0.000000,0.000000,0.000000
